Col0,Col1,Col2,Col3,Col4,Col5,Col6,Col7
0.0680100245616059,0.027759138415568,0.00680487340790067,0.683519603234167,0,0.683519603234167,99.0039690527011,0.00462536344087024
0.0741126443022542,0.766851253153933,0.00738174397987637,0.744829835521428,0,0.744829835521428,99.0098486440945,0.00549268404547245
0.0736268167345271,0.0941457693573312,0.00733367237199847,0.739947573441121,0,0.739947573441121,99.0098338679377,0.00542090814245964
0.0757777570819307,0.857587532184525,0.00754085443434455,0.761557716249379,0,0.761320093314775,99.0099983947404,0.0057422684683681
0.0755016530512583,0.851757074838862,0.00751517208143098,0.758784659132144,0,0.758715724217309,99.0099789026224,0.00570049961347258
0.0768119446444683,1.04149770083478e-07,0.0076442292014129,0.771951636381256,0,0.771889132873248,99.0099955678149,0.00590007484006487
0.0767228484136869,2.27633078751725e-07,0.00763538251514062,0.77105624877376,0,0.77099295184848,99.0099954123357,0.00588639546870957
0.0776456825979313,0.0887257888705032,0.00772679349101432,0.780330208275176,0,0.780271099640473,99.009998125631,0.00602885202609869
0.0776978502988552,0,0.00773195443829927,0.780854457532907,0,0.780794133523283,99.0099982728278,0.00603695594106331
0.0783571569674167,0,0.00779808271206137,0.787480930801868,0,0.787480930801868,99.0099974979789,0.00613984404801638
0.078527237429837,0,0.00781496059710535,0.789190172932706,0,0.789190172932706,99.0099977017352,0.00616652701836199
0.0789872917238958,0,0.00786083546529443,0.793813758315135,0,0.793813758315135,99.0099973086968,0.00623899225387581
0.0792585535960265,0,0.00788711405713782,0.796539196573125,0,0.796474339424933,99.0099989020817,0.0062819183181342
0.0795415643183799,0,0.00791526637780549,0.799383410901821,0,0.799299216918016,99.0099989401692,0.00632686045421496
0.0798674116415939,0,0.00794845411775601,0.802658891574612,0,0.802658891574612,99.0099944027187,0.00637880344232781
0.0799862664245036,0,0.00796050925034943,0.803853591892804,0,0.803853591892804,99.0099923681333,0.00639780281653168
0.0803631990972196,0,0.00799858037249682,0.807642289216687,0,0.807642289216687,99.0099953381139,0.00645824376913935
0.0803343977088999,0,0.00799592020190756,0.807353033210781,0,0.807353033210781,99.0099897344716,0.0064536154552517
0.0807267433375098,0,0.00803487630036142,0.811295984177995,0,0.811295984177995,99.0099946886214,0.00651680708988019
0.0805659157204933,0,0.00801909200929052,0.809679902101078,0,0.809679902101078,99.0099931053155,0.00649086677588164
0.0809469704843611,0,0.00805691952283078,0.813509367768872,0,0.813509367768872,99.0099938941247,0.00655241203059602
0.0806721638323323,0,0.00802979783198062,0.81074781409223,0,0.81074781409223,99.0099920992219,0.00650799801739066
0.0810172584593047,0,0.00806404354172023,0.814215881447101,0,0.814215881447101,99.0099929998788,0.00656379616826178
0.0806492665325376,0,0.00802764790575673,0.810517811998576,0,0.810517811998576,99.0099844404402,0.00650430419223628
0.0809369272298795,0,0.00805617613272265,0.813408677507053,0,0.813408677507053,99.0099876230732,0.00655078618941481
0.0804989937619923,0,0.00801281624939141,0.809007711600516,0,0.809007711600516,99.0099850104734,0.00648008799669327
0.0807119984752212,0,0.00803391397818673,0.811148288282907,0,0.811148288282907,99.0099864501412,0.0065144266978641
0.0802291160626617,0,0.0079860744465909,0.80629558397907,0,0.80629558397907,99.0099837984221,0.00643671106419604
0.0803553009037548,0,0.00799853187616307,0.807563630447658,0,0.807563630447658,99.0099852805304,0.00645697438333298
0.0798532282615571,0,0.00794877443104877,0.802518058339918,0,0.802518058339918,99.0099826213651,0.00637653806379234
0.0798859983455982,0,0.00795193569171623,0.802847297137603,0,0.802847297137603,99.0099841294876,0.00638177273167292
0.0793901334837303,0,0.00790278665841312,0.797864103251524,0,0.797864103251524,99.0099814923168,0.00630279329456452
0.0793286427681346,0,0.00789656776530119,0.797246031929801,0,0.797246031929801,99.0099830128579,0.00629303356343431
0.0788628463818828,0,0.00785040078571246,0.792565012748329,0,0.792565012748329,99.0099804261187,0.00621934853945245
0.0787118401925312,0,0.0078352739743979,0.791047321280249,0,0.791047321280249,99.0099819489833,0.00619555378649458
0.0782972975555707,0,0.00779419661796648,0.786881385769175,0,0.786881385769175,99.0099794407326,0.00613046680450558
0.0780666241351901,0,0.00777114172231425,0.784563047652728,0,0.784563047652728,99.0099809599843,0.00609439780386504
0.0777208086495537,0,0.00773689222024255,0.781087800933044,0,0.781087800933044,99.0099785581309,0.00604052409714055
0.0774246362730988,0,0.00770731872506161,0.778111205251601,0,0.778111205251601,99.0099800726401,0.00599457430202164
0.0771606400133646,0,0.0076811994689348,0.775458220761879,0,0.775458220761879,99.0099778033146,0.00595376436727204
0.07681687001514,0,0.00764688873280477,0.772003273800396,0,0.772003273800396,99.0099793127135,0.00590083151892292
0.0766430670808117,0,0.00762973329884158,0.770256710543924,0,0.770256710543924,99.0099771952637,0.00587415973155381
0.0762718916690846,0,0.00759269485940057,0.766526341814209,0,0.766526341814209,99.0099787001099,0.00581740145878057
0.0761912769078158,0,0.00758480160845537,0.765716298015393,0,0.765716298015393,99.0099767492458,0.00580511067684346
0.0758138399862774,0,0.0075471396402475,0.761923001392142,0,0.761923001392142,99.009978252006,0.00574773833346488
0.0758241083337184,0,0.00754827957677901,0.76202631181632,0,0.76202631181632,99.0099764769381,0.00574929540460347
0.0754612872752974,0,0.00751207170147857,0.758379902542375,0,0.758379902542375,99.0099779807966,0.00569440587724496
0.0755551726502652,0,0.00752152220775551,0.759323544362568,0,0.759323544362568,99.0099763844538,0.00570858411421138
0.0752263809039435,0,0.00748870037671247,0.756019125422514,0,0.756019125422514,99.0099778919653,0.00565900838390519
0.0753922478588585,0,0.00750530411673011,0.757686164264699,0,0.757686164264699,99.0099764704959,0.00568399103721155
0.0751143493465959,0,0.00747754663208132,0.754893216249731,0,0.754893216249731,99.0099779820082,0.00564216547776246
0.075337010493288,0,0.00749979286217321,0.75713102119526,0,0.75713102119526,99.0099767254761,0.00567566515006578
0.075123411875431,0,0.00747843394187411,0.75498427957357,0,0.75498427957357,99.009978239835,0.00564352701180565
0.0753851234009087,0,0.00750455747592092,0.757614527880433,0,0.757614527880433,99.0099771347749,0.00568291683017024
0.0752450942541327,0,0.00749051963154198,0.756207150892195,0,0.756207150892195,99.0099786488581,0.00566182420931331
0.075526669527028,0,0.00751861170040565,0.759037019653186,0,0.759037019653186,99.0099776792125,0.00570427780984491
0.075464924305745,0,0.00751236417769429,0.758416387110727,0,0.758416387110727,99.0099791874771,0.00569495480047183
0.0757468983266334,0,0.00754048831249617,0.761250255851622,0,0.761250255851622,99.0099783359739,0.00573759260610534
0.0757634565705413,0,0.00754203319853526,0.761416564259635,0,0.761416564259635,99.0099798306808,0.00574010135151629
0.076027230763893,0,0.0075683391566042,0.76406751997197,0,0.76406751997197,99.0099790801504,0.00578013981762625
0.0761175532406501,0,0.00757722494772175,0.764975150765864,0,0.764975150765864,99.0099805518833,0.0057938819113432
0.0763464491208619,0,0.00760005358432617,0.767275577148301,0,0.767275577148301,99.0099798862103,0.00582878029336435
0.0765018245597567,0,0.00761541371736093,0.768836983369282,0,0.768836983369282,99.0099813243471,0.00585252916097179
0.0766819850688242,0,0.00763338677340753,0.77064761925987,0,0.77064761925987,99.0099807285577,0.00588012683409537
0.0768902329632091,0,0.00765400967013853,0.772740388744273,0,0.772740388744273,99.0099821214149,0.00591210792513657
0.0770115442937617,0,0.0076661213803213,0.773959592213009,0,0.773959592213009,99.0099815831059,0.00593077795451002
0.0772579620652319,0,0.00769054427960471,0.776435966066691,0,0.776435966066691,99.0099829216758,0.00596879270247281
0.0773144090227204,0,0.00769619644087029,0.77700328547391,0,0.77700328547391,99.0099824329798,0.00597751784253251
0.0775825440004027,0,0.00772278229864759,0.779697916452224,0,0.779697916452224,99.0099837105475,0.00601905113357442
0.0775723943147848,0,0.00772180280516013,0.779595942950456,0,0.779595942950456,99.0099832664222,0.00601747635972845
0.0778451068596669,0,0.00774884618135602,0.782336579826386,0,0.782336579826386,99.0099844780681,0.00605986066199296
0.0777709036493217,0,0.00774148831273111,0.781590871660939,0,0.781590871660939,99.0099840756711,0.00604831345443207
0.0780314258771432,0,0.00776732073844459,0.784208999278621,0,0.784208999278621,99.0099852182187,0.0060889034244201
0.0778997080588545,0,0.00775423535155782,0.782885271954214,0,0.782885271954214,99.0099848564084,0.00606836451565475
0.0781326414123649,0,0.00777732459954295,0.785226136714268,0,0.785226136714268,99.0099859283416,0.0061047096540732
0.0779534256953511,0,0.00775950859079952,0.783425057104743,0,0.783425057104743,99.0099856071929,0.00607673657764063
0.0781456247465982,0,0.00777854662151813,0.785356549071631,0,0.785356549071631,99.0099866085106,0.00610673866703614
0.0779316889253981,0,0.00775727161542225,0.78320653260571,0,0.78320653260571,99.0099863288681,0.00607334813876501
0.0780729835533297,0,0.00777124643938101,0.784626443305589,0,0.784626443305589,99.0099872609008,0.00609539076091849
0.0778390002448887,0,0.00774797259506183,0.782274948134787,0,0.782274948134787,99.0099870239567,0.00605890995912378
0.0779227183469034,0,0.0077562202872199,0.783116223744008,0,0.783116223744008,99.0099878891584,0.00607195003457084
0.0776842959185226,0,0.00773250087035232,0.780720112190528,0,0.780720112190528,99.009987696065,0.00603484983235658
0.0777075616848984,0,0.007734735252864,0.780953851159611,0,0.780953851159611,99.0099884977926,0.00603846514301229
0.0774802538669408,0,0.0077121180930377,0.77866943645142,0,0.77866943645142,99.0099883493053,0.00600318973928559
0.077444051513263,0,0.00770843708258924,0.778305530013446,0,0.778305530013446,99.0099890915716,0.00599758111478894
0.0772423993661376,0,0.00768836925435961,0.776278948180157,0,0.776278948180157,99.009988987728,0.0059663882598379
0.0771514112335863,0,0.00767923860276401,0.775364436785138,0,0.775364436785138,99.009981245978,0.00595234025533394
0.0769880842778782,0,0.00766298099382147,0.773723015330215,0,0.773723015330215,99.0099812604347,0.00592716512077768
0.0768503097023457,0,0.00764919710331126,0.772338325357098,0,0.772338325357098,99.0099823568939,0.00590597010134645
0.0767352997660054,0,0.00763774436787434,0.77118248119218,0,0.77118248119218,99.009982439105,0.00588830623017871
0.076561288192038,0,0.00762035709339424,0.769433616073266,0,0.769433616073266,99.0099834551482,0.0058616308496243
0.0765012347682116,0,0.00761437033083369,0.768830075705414,0,0.768830075705414,99.0099835959992,0.00585243892106103
0.0763034918160599,0,0.00759462419447263,0.766842715540807,0,0.766842715540807,99.0099845373319,0.00582222286332352
0.0763015224296093,0,0.00759441490636583,0.766822910492051,0,0.766822910492051,99.0099847282914,0.00582192232507617
0.0760937291921468,0,0.00757367130685009,0.764734548650591,0,0.764734548650591,99.0099856014358,0.00579025562236778
0.0761493058150785,0,0.00757918619837255,0.765293072033332,0,0.765293072033332,99.0099858334865,0.00579871677611835
0.0759454162872845,0,0.00755883364712139,0.763243944474425,0,0.763243944474425,99.0099866446534,0.00576770625504893
0.0760544266322593,0,0.00756966373887084,0.764339468507174,0,0.764339468507174,99.0099869082878,0.00578427581036171
0.0758677871836875,0,0.00755103026496646,0.762463704608484,0,0.762463704608484,99.00998766283,0.0057559211321493
0.076022863068891,0,0.00756644259800103,0.764022180169513,0,0.764022180169513,99.0099879482126,0.00577947570919135
0.0758653961992661,0,0.00755071457800188,0.762439599620083,0,0.762439599620083,99.0099886499131,0.00575555834047161
