Col0,Col1,Col2,Col3,Col4,Col5,Col6,Col7
0.0733291692672542,0,0.00729652505481214,0.736949030536026,0,0.736949030536026,99.0100000000001,0.00537716706542562
0.0792897628543497,0,0.00788962628430085,0.796852254714385,0,0.796852254714385,99.0099999999997,0.00628686649349901
0.0790336240760565,0,0.00786413952327517,0.794278091850792,0,0.794278091850792,99.0099999999997,0.00624631373459541
0.0809054291895711,0.931986737048267,0.0080503910933524,0.813089500428593,0,0.813089500428593,99.0099999999998,0.00654568847234871
0.0807814673650939,0.923678527065886,0.00803805643080029,0.811843699510829,0,0.811843699510829,99.0099999999996,0.00652564546965773
0.0817934630855675,0,0.00813875376862075,0.822014130630696,0,0.822014130630696,99.0099999999997,0.0066901706035301
0.0817438506046709,0,0.00813381714226168,0.82151553136843,0,0.82151553136843,99.0099999999996,0.00668205711167876
0.0823534087603172,0,0.00819447044570807,0.827641515016516,0,0.827641515016516,99.0099999999999,0.00678208393444389
0.0823522009420833,0,0.00819435026330189,0.827629376593491,0,0.827629376593491,99.0099999999998,0.00678188500000526
0.082713371834669,0,0.00823028811031632,0.831259099141948,0,0.831259099141948,99.0100000000002,0.00684150188026022
0.0827452844181909,0,0.00823346353106031,0.831579816637091,0,0.831579816637091,99.0100000000001,0.0068467820934473
0.0829322080778552,0,0.00825206313036993,0.833458376167363,0,0.833458376167363,99.0100000000004,0.00687775113666867
0.0829864953950969,0,0.00825746492033115,0.834003956953446,0,0.834003956953446,99.0100000000001,0.00688675841796044
0.0830439016646521,0,0.00826317705764702,0.834580882822349,0,0.834580882822349,99.0100000000003,0.00689628960368841
0.0831119329127067,0,0.00826994641983809,0.835264588403647,0,0.835264588403647,99.0100000000002,0.00690759339248627
0.0830710131605698,0,0.00826587475231903,0.834853349984222,0,0.834853349984222,99.0099999999999,0.00690079322752356
0.0831450954158437,0,0.00827324621223226,0.835597867435458,0,0.835597867435458,99.0100000000002,0.00691310689170975
0.0830301701239493,0,0.00826181071827919,0.834442882546198,0,0.834442882546198,99.0100000000003,0.00689400915081196
0.0831036064671535,0,0.00826911790753931,0.83518090866147,0,0.83518090866147,99.0099999999996,0.00690620940784752
0.0829350019583862,0,0.00825234113187326,0.833486454319199,0,0.833486454319199,99.01,0.00687821454983752
0.083001941572918,0,0.008259001872469,0.834159189119369,0,0.834159189119369,99.01,0.00688932230487409
0.0827971898631423,0,0.00823862831587041,0.832101459902912,0,0.832101459902912,99.0100000000001,0.00685537464923323
0.0828526270026534,0,0.00824414451742365,0.832658596259788,0,0.832658596259788,99.0099999999998,0.00686455780124081
0.0826269979196165,0,0.00822169358454218,0.83039105203876,0,0.83039105203876,99.0099999999999,0.0068272207852083
0.082666836488153,0,0.00822565767027203,0.830791424697476,0,0.830791424697476,99.0099999999999,0.00683380585495903
0.0824335442640049,0,0.00820244422635062,0.828446866861412,0,0.828446866861412,99.0099999999998,0.00679528921992565
0.0824546765473559,0,0.00820454696713545,0.828659243680681,0,0.828659243680681,99.0100000000002,0.00679877368452908
0.08222493439993,0,0.00818168676905071,0.826350363674122,0,0.826350363674122,99.0100000000003,0.00676093983707279
0.0822253056996314,0,0.00818172371475186,0.826354095189938,0,0.826354095189938,99.0099999999999,0.00676100089739783
0.0820083218596968,0,0.00816013301571091,0.824173434586802,0,0.824173434586802,99.0099999999997,0.00672536485424363
0.0819869640688543,0,0.00815800783609201,0.823958791445293,0,0.823958791445293,99.0099999999997,0.00672186227722761
0.0817899316354002,0,0.00813840237619557,0.821978639995752,0,0.821978639995752,99.0099999999998,0.00668959291692344
0.0817469552217947,0,0.00813412606321164,0.821546732384375,0,0.821546732384375,99.0099999999997,0.00668256468803411
0.081575064412016,0,0.00811702228837313,0.819819251125687,0,0.819819251125687,99.0100000000003,0.00665449113382456
0.0815116014777419,0,0.00811070749039287,0.819181456529679,0,0.819181456529679,99.0099999999999,0.00664414117546621
0.081368085607596,0,0.00809642712757482,0.817739139885057,0,0.817739139885057,99.0099999999998,0.00662076535544507
0.0812861744509443,0,0.00808827666285867,0.816915942948725,0,0.816915942948725,99.0100000000001,0.00660744215686935
0.0811723786454747,0,0.00807695355700544,0.815772309257549,0,0.815772309257549,99.0099999999997,0.00658895505496431
0.0810747936954538,0,0.00806724349155789,0.814791592647347,0,0.814791592647347,99.0100000000004,0.00657312217276039
0.0809904735700757,0,0.00805885332549446,0.81394418587494,0,0.81394418587494,99.0100000000004,0.00655945680910513
0.0808809712840509,0,0.00804795744079368,0.812843701520162,0,0.812843701520162,99.0099999999999,0.00654173151585147
0.0808247403171822,0,0.0080423622504661,0.812278587297076,0,0.812278587297076,99.0099999999996,0.00653263864733994
0.080707569185915,0,0.00803070328714312,0.811101032001455,0,0.811101032001455,99.0099999999997,0.00651371172389926
0.0806767432862796,0,0.00802763599548723,0.810791235544211,0,0.810791235544211,99.0100000000003,0.00650873690728026
0.0805563351913801,0,0.00801565494224448,0.809581149166693,0,0.809581149166693,99.0099999999996,0.00648932313946598
0.0805472688947666,0,0.00801475281201371,0.809490034013385,0,0.809490034013385,99.0100000000003,0.00648786252640584
0.0804280750870938,0,0.00800289258486599,0.808292151071465,0,0.808292151071465,99.0100000000001,0.00646867526221521
0.0804364819498221,0,0.00800372909897275,0.808376638996247,0,0.808376638996247,99.01,0.00647002762846405
0.0803227803833737,0,0.00799241537025262,0.807233952395514,0,0.807233952395514,99.0099999999997,0.00645174904851569
0.0803440381695395,0,0.00799453059903427,0.807447590502461,0,0.807447590502461,99.0100000000001,0.00645516446938842
0.0802397445469875,0,0.00798415299572018,0.806399452567738,0,0.806399452567738,99.01,0.00643841660496582
0.08026918290183,0,0.00798708222150886,0.806695304372395,0,0.806695304372395,99.0099999999998,0.00644314172372744
0.0801776805623145,0,0.00797797739842795,0.805775717241223,0,0.805775717241223,99.0100000000005,0.00642846046035254
0.0802108422942077,0,0.00798127711408049,0.80610898852213,0,0.80610898852213,99.0099999999997,0.00643377922154626
0.080134840900532,0,0.00797371469275899,0.805345183968658,0,0.805345183968658,99.0100000000003,0.00642159272615357
0.0801677072259203,0,0.00797698501436567,0.805675486450932,0,0.805675486450932,99.0099999999996,0.00642686128186087
0.0801091369894936,0,0.00797115705801728,0.805086862859745,0,0.805086862859745,99.01,0.00641747382920145
0.0801383080026152,0,0.00797405968231049,0.805380027913359,0,0.805380027913359,99.0099999999999,0.00642214840952202
0.0800982530725364,0,0.00797007406780252,0.804977480848055,0,0.804977480848055,99.0099999999997,0.00641573014527209
0.0801210758758811,0,0.0079723450216138,0.805206847182994,0,0.805206847182994,99.0099999999995,0.0064193867995087
0.0800997464165505,0,0.0079702226610857,0.804992488769656,0,0.804992488769656,99.0100000000001,0.00641596937599569
0.0801143827727968,0,0.00797167903296512,0.805139582329478,0,0.805139582329478,99.0099999999996,0.00641831432706621
0.0801111163133341,0,0.00797135400810055,0.805106754818156,0,0.805106754818156,99.0099999999997,0.00641779095696855
0.0801165491403583,0,0.00797189459459426,0.80516135405402,0,0.80516135405402,99.0099999999995,0.00641866144615945
0.0801299408846156,0,0.00797322712295205,0.805295939418157,0,0.805295939418157,99.0100000000002,0.006420807426172
0.0801261536355298,0,0.00797285027758314,0.805257878035897,0,0.805257878035897,99.0099999999997,0.00642020049642452
0.0801542764608126,0,0.00797564860328817,0.805540508932105,0,0.805540508932105,99.0100000000002,0.00642470803495637
0.0801420354391026,0,0.00797443057610341,0.805417488186444,0,0.805417488186444,99.0100000000003,0.00642274584432237
0.0801823692119979,0,0.00797844393650863,0.805822837587372,0,0.805822837587372,99.0100000000001,0.00642921233244914
0.0801630616058786,0,0.00797652275789438,0.805628798547332,0,0.805628798547332,99.0099999999999,0.0064261164460279
0.0802126743399524,0,0.00798145940944551,0.806127400353996,0,0.806127400353996,99.0099999999997,0.00643407312476725
0.0801881907006054,0,0.00797902319627531,0.805881342823807,0,0.805881342823807,99.0099999999998,0.00643014592783665
0.0802439182086756,0,0.00798456829058008,0.806441397348588,0,0.806441397348588,99.0100000000003,0.00643908640948062
0.0802164976094052,0,0.00798183983897489,0.806165823736464,0,0.806165823736464,99.0100000000003,0.00643468648871971
0.0802751190657119,0,0.00798767289189183,0.806754962081075,0,0.806754962081075,99.0100000000001,0.00644409474101422
0.0802471784422087,0,0.00798489269594148,0.80647416229009,0,0.80647416229009,99.0099999999996,0.00643960964793568
0.0803055842113297,0,0.00799070428718132,0.807061133005313,0,0.807061133005313,99.0099999999998,0.00644898685552297
0.0802795455086359,0,0.0079881133394248,0.806799447281904,0,0.806799447281904,99.0099999999995,0.00644480542707314
0.0803348906110777,0,0.00799362038294736,0.807355658677683,0,0.807355658677683,99.0099999999996,0.00645369464949383
0.080313017151233,0,0.00799144389234496,0.807135833126841,0,0.807135833126841,99.0100000000004,0.00645018072393425
0.0803628538420194,0,0.0079964028284219,0.807636685670612,0,0.807636685670612,99.01,0.00645818827763377
0.0803471059339682,0,0.007994835853004,0.807478421153404,0,0.807478421153404,99.0099999999995,0.00645565743196431
0.0803894902187972,0,0.00799905324697255,0.807904377944227,0,0.807904377944227,99.0100000000002,0.00646247013763809
0.0803814088868238,0,0.00799824912438655,0.807823161563041,0,0.807823161563041,99.0100000000004,0.00646117089463076
0.0804149782566454,0,0.00800158940152897,0.808160529554426,0,0.808160529554426,99.0099999999995,0.00646656872801675
0.0804156056724428,0,0.00800165183173419,0.808166835005154,0,0.808166835005154,99.0100000000001,0.00646666963566581
0.0804396302725181,0,0.00800404236878968,0.808408279247758,0,0.808408279247758,99.01,0.00647053411837941
0.0804494799142553,0,0.00800502244477355,0.808507266922129,0,0.808507266922129,99.0099999999996,0.00647211881847417
0.0804638866429825,0,0.00800645596786083,0.808652052753944,0,0.808652052753944,99.0099999999998,0.00647443705369474
0.0804828624091249,0,0.00800834412716329,0.808842756843492,0,0.808842756843492,99.0100000000002,0.00647749114156613
0.0804880003321408,0,0.00800885536961141,0.808894392330752,0,0.808894392330752,99.0100000000002,0.0064783181974667
0.080515297699737,0,0.00801157155920671,0.809168727479877,0,0.809168727479877,99.0099999999999,0.00648271316367728
0.0805120235937119,0,0.00801124577348074,0.809135823121555,0,0.809135823121555,99.01,0.00648218594315441
0.080546386734678,0,0.00801466503380413,0.809481168414217,0,0.809481168414217,99.0100000000004,0.00648772041601232
0.0805360297177318,0,0.0080136344721,0.8093770816821,0,0.8093770816821,99.0100000000002,0.00648605208269537
0.0805758074002517,0,0.00801759249944478,0.809776842443922,0,0.809776842443922,99.01,0.00649246073820246
0.080560037248808,0,0.0080160233107266,0.809618354383387,0,0.809618354383387,99.0100000000003,0.00648991960152933
0.0806032764778856,0,0.00802032577482742,0.810052903257569,0,0.810052903257569,99.0099999999999,0.00649688817897047
0.0805839746424044,0,0.0080184051704131,0.809858922211723,0,0.809858922211723,99.0099999999996,0.00649377696916768
0.0806285384609139,0,0.00802283943608858,0.810306783044946,0,0.810306783044946,99.0099999999999,0.00650096121434307
0.0806076682462709,0,0.00802076277211483,0.810097039983598,0,0.810097039983598,99.0099999999998,0.00649759618010087
