Col0,Col1,Col2,Col3,Col4,Col5,Col6,Col7
0.0730349296503784,0.962439950762664,0.00727619182809624,0.73400049623395,0,0.73400049623395,99.0097780117527,0.00533410094903572
0.0791020945593776,0.766903864299677,0.00787408931733599,0.794969325224098,0,0.794969325224098,99.0099883329946,0.00625714136368072
0.0788070838922382,0.351462701149493,0.00784465045003955,0.79200440159506,0,0.79200440159506,99.0099787423214,0.00621055647159828
0.0807127184435054,0.893876064684308,0.008033682629807,0.811155225050106,0,0.811155225050106,99.0099885027271,0.00651454291854058
0.0805773760697493,0.884775121598496,0.00801951334678533,0.809794361401891,0,0.809731954102978,99.0099946993585,0.00649271353428581
0.0816138872366311,0,0.00812293812919819,0.820211454104004,0,0.820183342285662,99.0099929767156,0.00666082658987353
0.0815668997817347,0.0849473455500775,0.00811786246534025,0.819738838371913,0,0.819677982658422,99.0099942325585,0.00665315914000356
0.0822071550810017,0,0.0081815849420251,0.826173336893446,0,0.826105398809673,99.0099931665856,0.00675801634651186
0.0822126200437026,0,0.00818274014554055,0.826228868742823,0,0.826228868742823,99.0099923125962,0.0067589148944502
0.0826067332968797,0,0.0082220876506689,0.830189787011313,0,0.830189787011313,99.0099910596833,0.00682387238598182
0.0826634300233718,0,0.00822766558065477,0.830759519298352,0,0.830759519298352,99.0099914715054,0.00683324266322888
0.0828850873671428,0,0.00824986717600678,0.832987291487021,0,0.832987291487021,99.009990336395,0.00686993770785889
0.0829722808657658,0,0.00825848353311898,0.833863516403,0,0.833863516403,99.0099907398432,0.00688439939206752
0.0830642042631451,0,0.00826777734411983,0.834787480034963,0,0.834787480034963,99.0099897108661,0.00689966202986949
0.0831698995114117,0,0.00827823854288164,0.83584964905704,0,0.83584964905704,99.0099901041752,0.00691723218473832
0.083160982240292,0,0.00827749429975312,0.835760172677975,0,0.835760172677975,99.0099891596067,0.00691574896717016
0.0832746717209874,0,0.00828869670998532,0.83690262847178,0,0.836896824121423,99.0099895419859,0.00693467095023823
0.0831873236517888,0,0.00828010784622664,0.836024892041569,0,0.836015682059367,99.009988673389,0.00692013081634747
0.0832969809650191,0,0.00829106278548514,0.837126978745882,0,0.837126978745882,99.0099890306231,0.00693838703788675
0.0831488752287308,0,0.00827645496091447,0.835638662084792,0,0.835638662084792,99.0099882073282,0.00691373545180304
0.0832481954221291,0,0.00828629260459592,0.836636773297634,0,0.836636773297634,99.009988559538,0.006930262041041
0.0830556948437451,0,0.00826725961631158,0.834702286395614,0,0.834702286395614,99.0099877821019,0.0068982484459773
0.0831363685948296,0,0.00827524502377618,0.835513004905342,0,0.835513004905342,99.0099874475604,0.00691165578313538
0.0829138054264063,0,0.00825321300982157,0.833276384635623,0,0.833276384635623,99.0099864741214,0.00687469913028796
0.082969992927683,0,0.00825876490793962,0.833841023843507,0,0.833841023843507,99.0099868553354,0.00688401972641976
0.0827302808734118,0,0.00823501902558615,0.831432051987886,0,0.831432051987886,99.0099859111968,0.00684429937339361
0.082757845040573,0,0.00823772551709892,0.831709032931312,0,0.831709032931312,99.0099862704711,0.0068488609157595
0.0825125463983634,0,0.00821341651271624,0.829243909402873,0,0.829243909402873,99.0099853582774,0.00680832031314208
0.0825091476588587,0,0.008213044561259,0.8292097194271,0,0.8292097194271,99.0099856941641,0.00680775944739134
0.0822684344577668,0,0.00818918485260484,0.826790672119152,0,0.826790672119152,99.0099848171829,0.00676809530813187
0.0822335468694506,0,0.00818568186213843,0.826440025308215,0,0.826440025308215,99.009985129144,0.00676235623073013
0.0820061141349198,0,0.00816313687282169,0.824154438385625,0,0.824154438385625,99.0099842912062,0.0067250027555095
0.0819409548840877,0,0.00815662362737594,0.823499563735124,0,0.823499563735124,99.0099830033461,0.0067143200873161
0.0817339219881262,0,0.00813610193828032,0.82141898564624,0,0.82141898564624,99.0099819433238,0.00668043400356109
0.081641290980554,0,0.00812685675349911,0.820488028289865,0,0.820488028289865,99.0099823143995,0.00666530039297149
0.0814601110837514,0,0.00810890107864626,0.818667263277163,0,0.818667263277163,99.0099813062192,0.00663574969777712
0.0813441441320792,0,0.00809733500746399,0.817501783682204,0,0.817501783682204,99.0099816580342,0.00661686978458048
0.0811925213129448,0,0.00808231388127047,0.815978057246201,0,0.815978057246201,99.0099807070728,0.00659222551715299
0.0810583638929551,0,0.00806893834882284,0.814629766242626,0,0.814629766242626,99.0099810438879,0.00657045835700273
0.0809383953078807,0,0.00805706048986931,0.81342415459312,0,0.81342415459312,99.0099801542541,0.00655102383501477
0.0807922822726047,0,0.00804249581220968,0.81195571160573,0,0.81195571160573,99.0099804783822,0.00652739287481624
0.0807047523998007,0,0.00803383986477148,0.811076099234156,0,0.811076099234156,99.0099796500263,0.00651325705991313
0.0805533499587592,0,0.00801874946275145,0.809554498948384,0,0.809554498948384,99.0099799632254,0.00648884218957834
0.0804974383456802,0,0.0080132342976841,0.808992640914242,0,0.808992640914242,99.0099791953576,0.00647983758021659
0.0803473794601377,0,0.00799827820702472,0.807484543799146,0,0.807484543799146,99.0099795001501,0.00645570138611135
0.0803208836912628,0,0.00799568510672349,0.807218306527468,0,0.807218306527468,99.0099787913075,0.00645144435694536
0.0801784672362277,0,0.00798149008028282,0.805787015487388,0,0.805787015487388,99.0099790905692,0.00642858660835084
0.0801780394854485,0,0.00798148630331859,0.805782754117433,0,0.805782754117433,99.0099784385317,0.00642851801573014
0.0800489280180093,0,0.00796861576285593,0.804485177125748,0,0.804485177125748,99.0099787351127,0.00640783087683243
0.0800703304797941,0,0.0079707799899453,0.804700302591723,0,0.804700302591723,99.0099781367739,0.00641125782314344
0.0799592849144113,0,0.00795970765545745,0.803584286239734,0,0.803584286239734,99.0099784329214,0.006393487244024
0.0799976640395731,0,0.00796355727726343,0.803970021306167,0,0.803970021306167,99.0099778841994,0.00639962625178841
0.079908334006033,0,0.00795464626092858,0.80307224388118,0,0.80307224388118,99.0099781816949,0.00638534184361973
0.0799585045415137,0,0.00795966560584082,0.803576477673483,0,0.803576477673483,99.0099776782611,0.00639336244851527
0.0798932856016784,0,0.00795315421842606,0.80292101421894,0,0.80292101421894,99.0099779784318,0.00638293708423135
0.0799500124004654,0,0.00795882262399482,0.803491134408251,0,0.803491134408251,99.0099775157801,0.00639200448283457
0.0799099757085173,0,0.00795481739543832,0.803088749837172,0,0.803088749837172,99.0099778192538,0.00638560421773582
0.0799682401650481,0,0.00796063573242935,0.803674320295826,0,0.803674320295826,99.0099773928292,0.00639491943509481
0.0799531347995818,0,0.00795911165555901,0.803522492839505,0,0.803522492839505,99.0099776994272,0.00639250376428009
0.0800083722250662,0,0.00796462596152926,0.804077639247399,0,0.804077639247399,99.0099773047514,0.00640133962610475
0.0800166943537791,0,0.0079654333916562,0.804161255569229,0,0.804161255569229,99.0099776134261,0.0064026713753061
0.080064986744593,0,0.00797025407807674,0.804646602738065,0,0.804646602738065,99.0099772461387,0.00641040210241185
0.0800940992456949,0,0.00797313068052759,0.804939160158186,0,0.804939160158186,99.0099775548198,0.00641506473397923
0.0801323144862784,0,0.00797694647571174,0.805323231094243,0,0.805323231094243,99.0099772103592,0.00642118782492783
0.0801787085835163,0,0.0079815433588999,0.805789467087582,0,0.805789467087582,99.0099775156334,0.00642862531012043
0.0802048120737983,0,0.00798415220023965,0.806051814694333,0,0.806051814694333,99.0099771901462,0.00643281187979331
0.0802644642013204,0,0.00799006904741448,0.806651292964785,0,0.806651292964785,99.0099774895084,0.00644238421352504
0.0802774250361526,0,0.00799136849859309,0.806781556913062,0,0.806781556913062,99.0099771810565,0.0064444649704351
0.0803458583923122,0,0.0079981597834889,0.807469286091288,0,0.807469286091288,99.0099774723913,0.00645545696079749
0.0803455939762341,0,0.00799814170944734,0.807466636388421,0,0.807466636388421,99.0099771798755,0.00645541447139387
0.0804181795323907,0,0.00800534673704955,0.808196095221302,0,0.808196095221302,99.0099774611263,0.00646708359930383
0.0804055222246303,0,0.00800409401887924,0.808068897030963,0,0.808068897030963,99.0099771840797,0.00646504800421552
0.0804777590587448,0,0.00801126483501802,0.8087948517147,0,0.8087948517147,99.009977453316,0.00647666970311738
0.0804543582558002,0,0.00800894163696989,0.808559681309031,0,0.808559681309031,99.0099771918031,0.00647290376235264
0.0805221247589703,0,0.00801566802957543,0.809240710088927,0,0.809240710088927,99.0099774473205,0.00648381257569918
0.080490302970214,0,0.00801250548251907,0.808920908430605,0,0.808920908430605,99.0099772018357,0.00647868887223684
0.0805500712077119,0,0.00801843631355638,0.809521555905131,0,0.809521555905131,99.0099774422521,0.00648831397156746
0.0805126467593581,0,0.00801471487580527,0.809145446846617,0,0.809145446846617,99.009977213618,0.00648228628819717
0.0805616511962593,0,0.00801957487128699,0.809637919640258,0,0.809637919640258,99.0099774379512,0.00649017964346775
0.0805217399327038,0,0.00801560459887634,0.809236817048535,0,0.809236817048535,99.0099772272038,0.00648375060178998
0.0805580938295262,0,0.00801920593172834,0.809602153574593,0,0.809602153574593,99.0099774349189,0.00648960648144675
0.0805189026257716,0,0.0080153059339401,0.809208286158395,0,0.809208286158395,99.0099772431882,0.00648329368005849
0.0805416587026944,0,0.00801755426204298,0.809436966288594,0,0.809436966288594,99.0099774342272,0.00648695878658131
0.0805062840780947,0,0.00801403266556846,0.80908145369429,0,0.80908145369429,99.0099772626114,0.00648126177606288
0.0805154402864951,0,0.00801492770986887,0.809173456765796,0,0.809173456765796,99.0099774373765,0.00648273612452815
0.0804866864304783,0,0.00801206355795835,0.808884480764657,0,0.808884480764657,99.0099772868182,0.00647810669255815
0.0804831441193783,0,0.0080116949505557,0.808848865168651,0,0.808848865168651,99.009977446116,0.00647753648734062
0.0804633799909836,0,0.00800972400551393,0.808650233546351,0,0.808650233546351,99.0099773172398,0.00647435551957343
0.0804488601301844,0,0.00800826302127552,0.808504294848148,0,0.808504294848148,99.0099774619977,0.00647201909624597
0.0804398219329887,0,0.00800735827238763,0.808413456463495,0,0.808413456463495,99.0099773544282,0.00647056495261093
0.0804165151170721,0,0.00800502313483544,0.808179210117069,0,0.808179210117069,99.0099774850969,0.00646681590357428
0.0804190954053954,0,0.00800527365636388,0.808205135289619,0,0.808205135289619,99.0099773980395,0.00646723090582208
0.0803896321157275,0,0.00800232623872677,0.807909017437204,0,0.807909017437204,99.0099775159099,0.00646249295170201
0.0804040349625969,0,0.0080037524709045,0.808053757208396,0,0.808053757208396,99.0099774487816,0.00646480883826651
0.0803713408741816,0,0.00800048394539779,0.80772517057861,0,0.80772517057861,99.0099775556798,0.00645955243391389
0.0803970522865027,0,0.00800303482418834,0.80798355946083,0,0.80798355946083,99.009977507776,0.00646368601635865
0.0803641207716518,0,0.00799974306291164,0.807652587096063,0,0.807652587096063,99.0099776057894,0.00645839190740064
0.0803999403288792,0,0.00800329901334782,0.808012543202475,0,0.808012543202475,99.0099688264396,0.00646415040488734
0.0803696266703601,0,0.00800026812781468,0.807707880688517,0,0.807707880688517,99.0099690857679,0.00645927689113306
0.0804137394890324,0,0.00800464894923055,0.808151200830357,0,0.808151200830357,99.0099692853058,0.00646636949860997
0.0803885777422333,0,0.00800213108873503,0.807898314763942,0,0.807898314763942,99.009969539233,0.00646232343141909
